-29
29
-17
17
00000000000000000000000000000000000000000000000000000000000
00000000000000000000000000000000000000000000000000000000000
01111111111111111122222222222222222222222222222222222222200
01111111111111111122222222222222555555222333333333222222200
01111111111111111122222222222222555555223333333333222222200
01111111111111111122222222222222555555222333333332222222200
01111111111111111122222222222222555555222223333332222222200
01111111111111111222222222222222555555222222233322222222200
01111111111111111222222222222222555555222222222222222222200
01111111111111111222222222222222222222222222222222222111100
01111111111111112222222222222222222333222222222222221111200
01111111111111122222222222222222222333222222222222211122200
01111111111111222222222222222222222333222222222221112222200
02111111111111222222222222222222222222222222222111222222200
02211111111112222222222222222222222222222222211122222222200
02222111111122222222222222222222222222222222112222222222200
02222221111222222221111111111111122222222111122222332222200
02222222111111111111111111111111112222111112222222333222200
02222222211111111111111111111111112211112223332222333332200
02222222221111111112222222222222111111223333322223333333200
02222222222222222222222222222222111122333333222223333333200
02222222222222222222222222222222111222333332222223333333200
02222222222222222222222222233222111222233222222223333332200
02222222222222222222222223333222211122222222222222333322200
02222222222222222222222223333222221112222222222222222222200
02222222222222222222222223333222222211222222222222222222200
02222222222222222222222222222222222221111112222222222222200
02222222222222222222222222222222222222211111111222222222200
02222222222222222222222222222222222222222111111111111111100
02222222222222233333333332222222225555222222111111111111100
02222222222222233333333332222222225555222222222222222222200
02222222222222233333333322222222225555222222222222222222200
02222222222222222233333222222222225555222222222222222222200
02222222222222222222222222222222222222222222222222222222200
00000000000000000000000000000000000000000000000000000000000
