-29
29
-17
17
00000000000000000000000000000000000000000000000000000000000
00000000000000000000000000000000000000000000000000000000000
02111111111112211111111111111111111111111111111111111111100
02111111111111221111111111111111111111111111111111111111100
02111111111111121111111111111111111111111111111111111111100
02111111111111121111111111111111111111111111111111111111100
02111111111111121111111111111111111111111111111111111111100
02111111111111221111111111111111111111111111111111111111100
02111111111111221111111111111111111111111111111111111111100
02211111111112211111111111111111111111111111111111111111100
02221111111112211111111111111111111111111111111111111111100
01222111111122111111111111111111111111111111111111111111100
01122211111221111111111111111111111111111111111111111111100
01112222112211111111111111111111111111111111111111111111100
01111122112111111111111111111111111111111111111111111111100
01111111111111111111111111111111111111111111111111111111100
01111111111111111111111111111111111111111111111111111111100
01111111111111111111111111111111111111111111111111111111100
01111111111111111111111111111111111111111111111111111111100
01111111111111111111111111111111111111111111111111111111100
01111111111111111111111111111111111111111111111111111111100
01111111111111111111111111111111111111111111111111111111100
01111111111111111111111111111111111111111111111111111111100
01111111111111111111111111111111111111111111111111111111100
01111111111111111111111111111111111111111111111111111111100
01111111111111111111111111111111111111111111111111111111100
01111111111111111111111111111111111111111111111111111111100
01111111111111111111111111111111111111111111111111111111100
01111111111111111111111111111111111111111111111111111111100
01111111111111111111111111111111111111111111111111111111100
01111111111111111111111111111111111111111111111111111111100
01111111111111111111111111111111111111111111111111111111100
01111111111111111111111111111111111111111111111111111111100
01111111111111111111111111111111111111111111111111111111100
00000000000000000000000000000000000000000000000000000000000
